8,151
8,150
8,149
8,148
8,147
8,146
8,145
8,144
8,143
8,142
8,141
8,140
8,139
8,138
8,137
8,136
8,135
8,134
8,133
8,132
8,131
8,130
8,129
8,128
8,127
8,126
8,125
8,124
8,123
8,122
8,121
8,120
8,119
8,118
8,117
8,116
8,115
8,114
8,113
8,112
8,111
8,110
8,109
8,108
8,107
8,106
8,105
8,104
8,103
8,102
8,101
8,100
8,99
8,98
8,97
8,96
8,95
8,94
8,93
8,92
8,91
8,90
8,89
8,88
8,87
8,86
8,85
8,84
8,83
8,82
8,81
8,80
8,79
8,78
8,77
8,76
8,75
8,74
8,73
8,72
8,71
8,70
8,69
8,68
8,67
8,66
8,65
8,64
8,36
8,35
8,34
8,33
8,32
8,31
8,30
8,29
8,28
8,27
8,26
8,25
8,24
8,23
8,22
8,21
8,20
8,19
8,18
8,17
8,16
8,15
8,14
8,13
8,12
8,11
8,10
8,9
8,8
8,7
8,5
8,4
8,3
8,2
8,1
8,0
7,3
7,2
7,1
7,0
6,4
6,3
6,2
6,1
6,0
5,121
5,120
5,119
5,118
5,117
5,116
5,115
5,114
5,113
5,112
5,111
5,110
5,109
5,108
5,107
5,106
5,105
5,104
5,103
5,102
5,101
5,100
5,99
5,98
5,97
5,96
5,95
5,94
5,93
5,92
5,91
5,90
5,89
5,88
5,87
5,86
5,85
5,84
5,83
5,82
5,81
5,80
5,79
5,78
5,77
5,76
5,75
5,74
5,73
5,72
5,71
5,70
5,69
5,68
5,67
5,66
5,65
5,64
5,36
5,35
5,34
5,33
5,32
5,31
5,30
5,29
5,28
5,27
5,26
5,25
5,24
5,23
5,22
5,21
5,20
5,19
5,18
5,17
5,16
5,15
5,14
5,13
5,12
5,11
5,10
5,9
5,8
5,7
5,5
5,4
5,3
5,2
5,1
5,0
4,3
2,5
2,4
2,3
2,2
2,1
2,0
1,3
0,243
0,9
0,1
8,152
8,153
8,155
8,156
8,158
8,159
8,161
8,163
8,164
8,166
8,167
8,169
8,171
8,172
8,174
8,175
8,177
8,178
8,180
8,182
8,183
8,185
8,186
8,188
8,190
8,191
8,193
8,194
8,196
8,197
8,199
8,201
8,202
8,204
8,205
8,207
8,209
8,210
9,1
9,2
10,0
10,1
10,3
10,5
11,0
11,2
11,3
12,1
12,3
13,0
13,2
13,3
14,0
14,2
14,3
15,1
15,2
15,4
16,0
16,2
17,0
17,1
17,3
17,4
18,1
18,3
18,4
20,0
20,1
20,3
21,0
21,2
21,4
21,5
21,8
21,9
21,11
21,13
21,14
21,16
21,17
21,19
21,20
21,22
21,24
21,25
21,27
21,28
21,30
21,32
21,33
21,35
21,36
21,38
21,40
21,41
21,43
21,44
21,46
21,47
21,49
21,51
21,52
21,54
21,55
21,57
21,59
21,60
21,62
21,63
21,65
21,66
21,68
21,70
21,71
21,73
21,74
21,76
21,78
21,79
21,81
21,82
21,84
21,85
21,87
21,89
21,90
21,92
21,93
21,95
21,97
21,98
21,100
21,101
21,103
21,104
21,106
21,108
21,109
21,111
21,112
21,114
21,116
21,117
21,119
21,120
21,122
21,124
21,125
21,127
21,128
21,130
21,131
21,133
21,135
21,136
21,138
21,139
21,141
21,143
21,144
21,146
21,147
21,149
21,150
21,152
21,154
21,155
21,157
21,158
21,160
21,162
21,163
21,165
21,166
21,168
21,169
21,171
21,173
21,174
21,176
21,177
21,179
21,181
21,182
21,184
21,185
21,187
21,189
21,190
21,192
21,193
21,195
21,196
21,198
21,200
21,201
21,203
21,204
21,206
21,208
21,209
21,211
21,212
21,214
21,215
21,217
21,219
21,220
21,222
21,223
21,225
21,227
21,228
21,230
21,231
21,233
21,234
21,236
21,238
21,239
21,241
21,242
21,244
21,246
21,247
21,249
21,250
21,252
21,253
21,255
21,257
21,258
21,260
21,261
21,320
21,322
21,323
21,325
21,326
21,328
21,330
21,331
21,333
21,334
21,336
21,337
21,339
21,341
21,342
21,344
21,345
21,385
21,445
21,446
21,448
22,0
22,2
22,3
22,5
22,7
22,8
22,10
22,11
22,13
22,15
22,16
22,18
22,19
22,21
22,22
22,24
22,26
22,27
22,29
22,30
22,32
22,34
22,35
22,65
22,66
22,68
22,70
22,71
22,73
22,74
22,76
22,77
22,79
22,81
22,82
22,84
22,85
22,87
22,89
22,90
22,92
22,93
22,95
22,96
22,98
22,100
22,101
22,103
22,104
22,106
22,108
22,109
22,111
22,112
22,114
22,115
22,117
22,119
22,120
22,122
22,123
22,125
22,127
22,128
22,130
22,131
22,133
24,0
24,1
24,3
24,4
24,6
24,7
25,0
25,2
25,3
28,0
28,1
28,3
28,5
28,4
28,2
25,5
25,1
24,8
24,5
24,2
22,134
22,132
22,129
22,126
22,124
22,121
22,118
22,116
22,113
22,110
22,107
22,105
22,102
22,99
22,97
22,94
22,91
22,88
22,86
22,83
22,80
22,78
22,75
22,72
22,69
22,67
22,64
22,33
22,31
22,28
22,25
22,23
22,20
22,17
22,14
22,12
22,9
22,6
22,4
22,1
21,447
21,386
21,384
21,343
21,340
21,338
21,335
21,332
21,329
21,327
21,324
21,321
21,262
21,259
21,256
21,254
21,251
21,248
21,245
21,243
21,240
21,237
21,235
21,232
21,229
21,226
21,224
21,221
21,218
21,216
21,213
21,210
21,207
21,205
21,202
21,199
21,197
21,194
21,191
21,188
21,186
21,183
21,180
21,178
21,175
21,172
21,170
21,167
21,164
21,161
21,159
21,156
21,153
21,151
21,148
21,145
21,142
21,140
21,137
21,134
21,132
21,129
21,126
21,123
21,121
21,118
21,115
21,113
21,110
21,107
21,105
21,102
21,99
21,96
21,94
21,91
21,88
21,86
21,83
21,80
21,77
21,75
21,72
21,69
21,67
21,64
21,61
21,58
21,56
21,53
21,50
21,48
21,45
21,42
21,39
21,37
21,34
21,31
21,29
21,26
21,23
21,21
21,18
21,15
21,12
21,10
21,6
21,3
21,1
20,2
18,5
18,2
18,0
17,2
16,3
16,1
15,3
15,0
14,1
13,4
13,1
12,2
12,0
11,1
10,4
10,2
9,3
9,0
8,208
8,206
8,203
8,200
8,198
8,195
8,192
8,189
8,187
8,184
8,181
8,179
8,176
8,173
8,170
8,168
8,165
8,162
8,160
8,157
8,154
0,300
0,299
0,298
0,297
0,296
0,295
0,294
0,293
0,292
0,291
0,290
0,289
0,288
0,287
0,286
0,285
0,284
0,283
0,282
0,281
0,280
0,279
0,278
0,277
0,276
0,275
0,274
0,273
0,272
0,271
0,270
0,269
0,268
0,267
0,266
0,265
0,264
0,263
0,262
0,261
0,260
0,259
0,258
0,257
0,256
0,255
0,254
0,253
0,252
0,251
0,250
0,249
0,248
0,247
0,246
0,245
0,244
0,242
0,241
0,240
0,239
0,238
0,237
0,236
0,235
0,234
0,233
0,232
0,231
0,230
0,229
0,228
0,227
0,226
0,225
0,224
0,223
0,222
0,221
0,220
0,219
0,218
0,217
0,216
0,215
0,214
0,213
0,212
0,211
0,210
0,209
0,208
0,207
0,206
0,205
0,204
0,203
0,202
0,201
0,200
0,199
0,198
0,197
0,196
0,195
0,194
0,193
0,192
0,63
0,62
0,61
0,60
0,59
0,58
0,57
0,56
0,55
0,54
0,53
0,52
0,51
0,50
0,49
0,48
0,47
0,46
0,45
0,6
0,0
0,5
0,304
0,303
0,306
0,305
0,302
0,12
0,10
0,8
0,11
0,2
0,4
0,3
0,7
